0 1012 1074
1 1014 2135
2 1022 1330
3 1022 1644
4 1023 1881
5 1026 1710
6 1027 1474
7 1028 1915
8 1034 1186
9 1041 1011
10 1043 2017
11 1057 2110
12 1060 1068
13 1061 1380
14 1066 1791
15 1067 1690
16 1067 1191
17 1073 1417
18 1077 1865
19 1078 2061
20 1089 2178
21 1089 1329
22 1091 1790
23 1095 1061
24 1097 1905
25 1108 1363
26 1112 1744
27 1113 1605
28 1116 1815
29 1126 1941
30 1129 1379
31 1143 1388
32 1157 1858
33 1161 1627
34 1161 2087
35 1166 2076
36 1171 2190
37 1172 1991
38 1182 1429
39 1183 1392
40 1184 1245
41 1196 1674
42 1203 1299
43 1204 1888
44 1209 1779
45 1211 1377
46 1213 1537
47 1214 2131
48 1216 1213
49 1231 1634
50 1235 1185
51 1240 1734
52 1240 1325
53 1245 1116
54 1246 1554
55 1253 1819
56 1254 1247
57 1256 1025
58 1258 1565
59 1259 1055
60 1269 1290
61 1279 2014
62 1284 2163
63 1288 1097
64 1305 1159
65 1308 1956
66 1308 1364
67 1313 1204
68 1317 1239
69 1319 2070
70 1323 1428
71 1324 2023
72 1325 2169
73 1326 1447
74 1332 1665
75 1341 1749
76 1341 1612
77 1347 1140
78 1351 1048
79 1351 1444
80 1354 1348
81 1357 1528
82 1358 1245
83 1364 1013
84 1366 1230
85 1368 2014
86 1370 1394
87 1377 1077
88 1380 1292
89 1382 1338
90 1386 1563
91 1390 1546
92 1391 2084
93 1393 1059
94 1395 1101
95 1397 1712
96 1398 1305
97 1400 1666
98 1409 1633
99 1411 2047
100 1413 1106
101 1417 2168
102 1421 2076
103 1426 1349
104 1427 1566
105 1431 1861
106 1442 1937
107 1445 1291
108 1447 1424
109 1465 1124
110 1476 1070
111 1478 1318
112 1491 1730
113 1492 1367
114 1497 1560
115 1502 1110
116 1509 1251
117 1510 2085
118 1512 2067
119 1514 1554
120 1520 1215
121 1523 2167
122 1526 1538
123 1526 1697
124 1531 1597
125 1533 1457
126 1535 1068
127 1538 1198
128 1544 1176
129 1549 2129
130 1555 1993
131 1556 2087
132 1558 1588
133 1564 1555
134 1573 1219
135 1573 1740
136 1576 1420
137 1578 1289
138 1585 2129
139 1588 1434
140 1592 1087
141 1593 2105
142 1594 1825
143 1601 2152
144 1604 1804
145 1605 1939
146 1619 1138
147 1637 1751
148 1637 1878
149 1639 1328
150 1639 1021
151 1642 1428
152 1644 1723
153 1650 2121
154 1650 1151
155 1651 1510
156 1658 1404
157 1658 1102
158 1662 1525
159 1665 2014
160 1671 1965
161 1672 1574
162 1676 1172
163 1682 1746
164 1683 1563
165 1690 1608
166 1698 2156
167 1705 1987
168 1710 1486
169 1711 1573
170 1713 1072
171 1713 2013
172 1716 1290
173 1720 1683
174 1721 1623
175 1722 1776
176 1728 1806
177 1733 1972
178 1734 1570
179 1736 1827
180 1747 1357
181 1755 1966
182 1763 1316
183 1766 1180
184 1790 1266
185 1791 1838
186 1794 2023
187 1803 1884
188 1804 1588
189 1819 1521
190 1823 1819
191 1831 1552
192 1834 1062
193 1835 1775
194 1835 1283
195 1837 1966
196 1846 1725
197 1851 1463
198 1861 1694
199 1865 1710
200 1867 1078
201 1869 1466
202 1870 1166
203 1876 2175
204 1878 1137
205 1884 1556
206 1887 2048
207 1890 1793
208 1890 1821
209 1893 1807
210 1897 1107
211 1903 1136
212 1903 1021
213 1905 1577
214 1913 1283
215 1914 2125
216 1922 1464
217 1925 1722
218 1926 1498
219 1929 1211
220 1930 1254
221 1930 1764
222 1933 1748
223 1940 1374
224 1946 1578
225 1956 1367
226 1959 1917
227 1962 1809
228 1963 1436
229 1966 1535
230 1971 1368
231 1973 2177
232 1978 1786
233 1978 2056
234 1980 1075
235 1981 1711
236 1983 1967
237 1988 1622
238 2002 1281
239 2002 2153
240 2007 1598
241 2019 1140
242 2024 1583
243 2030 1371
244 2031 1159
245 2033 1937
246 2041 1416
247 2044 1827
248 2044 2026
249 2045 1350
250 2059 1887
251 2061 1732
252 2062 1413
253 2066 2145
254 2068 1123
255 2069 1323
256 2072 1362
257 2074 2183
258 2076 1524
259 2077 1782
260 2085 2175
261 2085 1796
262 2086 2153
263 2089 1438
264 2090 1203
265 2095 1583
266 2096 1978
267 2104 1679
268 2108 1766
269 2112 1749
270 2121 1962
271 2121 1383
272 2127 1865
273 2131 1984
274 2136 1877
275 2137 2011
276 2138 1119
277 2139 1422
278 2141 1287
279 2152 1723
280 2157 1816
281 2158 1844
282 2161 1185
283 2163 2175
284 2170 1558
285 2180 1724
286 2186 1914
287 2189 1850
